# generated by generate_fluctuations.py
# config: configs/multiscan_lorentzian.yaml
# seed=12345 length_m=0.008 dx_m=5e-06 rho=0.5
# dW: {'type': 'lorentzian', 'sigma': 0.05, 'tau_m': 0.0002}
# dD: {'type': 'lorentzian', 'sigma': 0.06, 'tau_m': 0.0002}
# empirical: sigma_W=5.0000e-02 sigma_D=6.0000e-02 corr=+0.5001
# columns: s[m]   dW_over_W   dD_over_D
0.000000000e+00  -8.749536e-03  -3.168727e-02
5.000000000e-06  -2.894054e-02  -3.915787e-02
1.000000000e-05  -1.480079e-02  -1.259510e-02
1.500000000e-05  -9.502651e-03  -1.345377e-02
2.000000000e-05  -1.100487e-02  -1.210596e-02
2.500000000e-05  -2.621448e-02  -1.922605e-02
3.000000000e-05  -2.984246e-02  -4.542105e-02
3.500000000e-05  -2.515129e-02  -4.968587e-02
4.000000000e-05  -2.000101e-02  -5.846532e-02
4.500000000e-05  -1.862775e-02  -4.496489e-02
5.000000000e-05  -2.061360e-02  -4.274273e-02
5.500000000e-05  -2.743916e-02  -2.960489e-02
6.000000000e-05  -2.471501e-02  -1.818333e-02
6.500000000e-05  -9.990330e-03  -4.054562e-03
7.000000000e-05  -1.339688e-02  -3.097126e-02
7.500000000e-05  -3.965987e-02  -4.107556e-02
8.000000000e-05  -2.852851e-02  -2.449458e-02
8.500000000e-05  -2.632467e-02  -2.627192e-03
9.000000000e-05  -2.536703e-02  7.605860e-03
9.500000000e-05  -3.007219e-02  7.155225e-03
1.000000000e-04  -4.996945e-02  2.124939e-03
1.050000000e-04  -6.254203e-02  -7.003606e-03
1.100000000e-04  -6.636330e-02  -5.826465e-03
1.150000000e-04  -5.941670e-02  -2.753556e-03
1.200000000e-04  -5.659776e-02  1.912068e-02
1.250000000e-04  -7.162125e-02  1.269749e-02
1.300000000e-04  -5.567025e-02  2.675557e-02
1.350000000e-04  -2.636872e-02  5.568554e-02
1.400000000e-04  -9.196256e-03  5.393696e-02
1.450000000e-04  -4.417554e-03  4.023182e-02
1.500000000e-04  -3.451467e-02  6.723570e-03
1.550000000e-04  -2.666377e-02  1.231133e-02
1.600000000e-04  -1.129247e-02  3.500591e-02
1.650000000e-04  -1.742788e-02  3.267972e-02
1.700000000e-04  -7.773534e-03  2.223909e-02
1.750000000e-04  -1.142536e-02  1.837805e-02
1.800000000e-04  -2.232742e-02  2.334221e-04
1.850000000e-04  -2.912273e-02  -3.052942e-03
1.900000000e-04  -3.019740e-02  -1.598194e-02
1.950000000e-04  -2.797069e-02  -3.466567e-02
2.000000000e-04  -1.840129e-02  -3.448443e-02
2.050000000e-04  -3.840598e-02  -5.745371e-02
2.100000000e-04  -4.845067e-02  -5.159052e-02
2.150000000e-04  -5.067742e-02  -6.714977e-02
2.200000000e-04  -6.012344e-02  -1.001620e-01
2.250000000e-04  -4.914373e-02  -1.001469e-01
2.300000000e-04  -5.895972e-02  -1.043022e-01
2.350000000e-04  -7.357624e-02  -1.134001e-01
2.400000000e-04  -6.521854e-02  -1.289847e-01
2.450000000e-04  -6.755896e-02  -1.343808e-01
2.500000000e-04  -8.020143e-02  -1.466013e-01
2.550000000e-04  -7.120505e-02  -1.547524e-01
2.600000000e-04  -3.974165e-02  -1.072280e-01
2.650000000e-04  -2.654384e-02  -8.986371e-02
2.700000000e-04  -2.390747e-02  -9.028797e-02
2.750000000e-04  -2.795503e-02  -9.227023e-02
2.800000000e-04  -3.688893e-02  -1.010613e-01
2.850000000e-04  -2.000307e-02  -1.122078e-01
2.900000000e-04  -2.332301e-02  -1.230092e-01
2.950000000e-04  -4.442708e-02  -1.301999e-01
3.000000000e-04  -4.046491e-02  -1.443939e-01
3.050000000e-04  -3.749306e-02  -1.464231e-01
3.100000000e-04  -4.028677e-02  -1.705484e-01
3.150000000e-04  -3.176859e-02  -1.717137e-01
3.200000000e-04  -1.695603e-02  -1.561195e-01
3.250000000e-04  -1.124038e-02  -1.495408e-01
3.300000000e-04  1.906302e-03  -1.428138e-01
3.350000000e-04  2.783761e-03  -1.346885e-01
3.400000000e-04  7.111454e-04  -1.345152e-01
3.450000000e-04  1.141286e-02  -1.099673e-01
3.500000000e-04  1.115599e-02  -1.097366e-01
3.550000000e-04  1.787794e-02  -1.108352e-01
3.600000000e-04  2.436220e-02  -8.935390e-02
3.650000000e-04  2.507792e-02  -6.561849e-02
3.700000000e-04  -6.511767e-03  -7.057265e-02
3.750000000e-04  -2.390704e-02  -6.661020e-02
3.800000000e-04  -4.035292e-02  -6.331581e-02
3.850000000e-04  -5.790806e-02  -7.653049e-02
3.900000000e-04  -5.479431e-02  -7.977604e-02
3.950000000e-04  -5.216735e-02  -6.723233e-02
4.000000000e-04  -4.723611e-02  -6.914175e-02
4.050000000e-04  -3.496065e-02  -3.320088e-02
4.100000000e-04  -3.654995e-02  -1.790919e-02
4.150000000e-04  -3.742317e-02  -1.184236e-02
4.200000000e-04  -4.914653e-02  6.226656e-03
4.250000000e-04  -3.883735e-02  2.219377e-02
4.300000000e-04  -2.486573e-02  4.158727e-02
4.350000000e-04  -2.964590e-02  3.331097e-02
4.400000000e-04  -8.830664e-03  2.470830e-02
4.450000000e-04  5.499876e-03  2.659667e-02
4.500000000e-04  -8.499582e-03  2.941435e-02
4.550000000e-04  -1.031233e-02  3.551047e-02
4.600000000e-04  -4.907039e-04  6.849135e-02
4.650000000e-04  -7.004882e-03  6.446564e-02
4.700000000e-04  -2.823598e-03  8.303193e-02
4.750000000e-04  -2.160095e-03  9.459042e-02
4.800000000e-04  -1.012416e-02  9.242272e-02
4.850000000e-04  -3.335918e-03  9.810461e-02
4.900000000e-04  1.110343e-02  8.831376e-02
4.950000000e-04  1.848789e-02  6.961604e-02
5.000000000e-04  2.245535e-02  4.271418e-02
5.050000000e-04  1.273329e-02  3.341913e-02
5.100000000e-04  2.257743e-02  4.430030e-02
5.150000000e-04  2.829849e-02  5.381349e-02
5.200000000e-04  3.167816e-02  6.662650e-02
5.250000000e-04  3.438550e-02  5.128458e-02
5.300000000e-04  5.089468e-02  5.822188e-02
5.350000000e-04  5.044429e-02  5.324324e-02
5.400000000e-04  3.425134e-02  3.937117e-02
5.450000000e-04  3.713735e-02  4.750214e-02
5.500000000e-04  2.644788e-02  3.898488e-02
5.550000000e-04  1.684521e-02  3.473993e-02
5.600000000e-04  2.494282e-02  1.149966e-02
5.650000000e-04  3.928041e-02  -6.745116e-03
5.700000000e-04  3.368837e-02  -3.655648e-02
5.750000000e-04  4.902497e-02  -3.742879e-02
5.800000000e-04  7.231255e-02  -2.062304e-02
5.850000000e-04  6.749144e-02  6.726107e-03
5.900000000e-04  5.873814e-02  -2.725547e-03
5.950000000e-04  5.824958e-02  -1.323113e-03
6.000000000e-04  5.710470e-02  -1.089753e-02
6.050000000e-04  6.072368e-02  -2.527130e-02
6.100000000e-04  6.346028e-02  -2.307229e-02
6.150000000e-04  6.435212e-02  -1.936304e-02
6.200000000e-04  6.002166e-02  6.482743e-03
6.250000000e-04  5.883902e-02  1.622708e-02
6.300000000e-04  3.796728e-02  2.611730e-02
6.350000000e-04  3.653682e-02  2.951705e-02
6.400000000e-04  4.492379e-02  4.535608e-02
6.450000000e-04  3.524035e-02  4.137140e-02
6.500000000e-04  4.630704e-02  5.152744e-02
6.550000000e-04  1.631491e-02  2.765611e-02
6.600000000e-04  1.680531e-02  4.802045e-02
6.650000000e-04  2.601755e-02  6.278079e-02
6.700000000e-04  9.216322e-03  3.394519e-02
6.750000000e-04  2.216005e-02  3.322154e-02
6.800000000e-04  -3.107999e-03  1.500281e-02
6.850000000e-04  -2.989723e-03  -1.396425e-02
6.900000000e-04  4.233280e-04  -9.244831e-03
6.950000000e-04  2.465882e-02  1.402162e-02
7.000000000e-04  3.127840e-02  2.490167e-02
7.050000000e-04  3.586426e-02  3.957797e-02
7.100000000e-04  2.463926e-02  4.209053e-02
7.150000000e-04  3.812054e-02  4.471349e-02
7.200000000e-04  4.648902e-02  3.589621e-02
7.250000000e-04  5.101827e-02  3.482343e-02
7.300000000e-04  4.331300e-02  2.780353e-02
7.350000000e-04  4.611435e-02  1.711570e-02
7.400000000e-04  2.831731e-02  -9.004613e-03
7.450000000e-04  9.671139e-03  -2.536757e-02
7.500000000e-04  3.149650e-02  -1.084222e-02
7.550000000e-04  4.478968e-02  -9.278190e-03
7.600000000e-04  6.116373e-02  4.776789e-03
7.650000000e-04  6.225994e-02  1.248157e-02
7.700000000e-04  7.485112e-02  1.662638e-02
7.750000000e-04  7.728108e-02  1.760558e-02
7.800000000e-04  8.036221e-02  1.492569e-02
7.850000000e-04  6.602828e-02  -8.212272e-03
7.900000000e-04  4.538739e-02  -3.008336e-02
7.950000000e-04  3.785391e-02  -4.939717e-02
8.000000000e-04  4.222099e-02  -4.959067e-02
8.050000000e-04  3.882571e-02  -5.875475e-02
8.100000000e-04  5.601330e-02  -3.165712e-02
8.150000000e-04  7.668347e-02  -1.527857e-02
8.200000000e-04  7.876929e-02  -2.331982e-04
8.250000000e-04  7.926696e-02  -7.397375e-03
8.300000000e-04  9.782598e-02  1.986547e-03
8.350000000e-04  9.089171e-02  -2.539383e-02
8.400000000e-04  7.892893e-02  -2.061473e-02
8.450000000e-04  4.795514e-02  -3.072794e-02
8.500000000e-04  5.477759e-02  -3.576900e-02
8.550000000e-04  6.938137e-02  -1.193673e-02
8.600000000e-04  7.585030e-02  -1.828284e-02
8.650000000e-04  6.408093e-02  -2.274790e-02
8.700000000e-04  7.068805e-02  -1.860836e-02
8.750000000e-04  7.237803e-02  -2.341320e-02
8.800000000e-04  6.735480e-02  -2.480903e-02
8.850000000e-04  6.795126e-02  -1.431643e-02
8.900000000e-04  4.646895e-02  -5.718721e-03
8.950000000e-04  5.291668e-02  -2.151590e-02
9.000000000e-04  4.377277e-02  -3.373529e-02
9.050000000e-04  4.470151e-02  -3.440601e-02
9.100000000e-04  3.354636e-02  -4.710284e-02
9.150000000e-04  2.258919e-02  -3.616074e-02
9.200000000e-04  1.746944e-02  -2.274255e-02
9.250000000e-04  2.804635e-02  2.112637e-03
9.300000000e-04  2.979387e-02  -4.867238e-03
9.350000000e-04  9.907782e-03  -2.506723e-02
9.400000000e-04  -7.808062e-03  -3.766010e-02
9.450000000e-04  -5.292694e-03  -2.681762e-02
9.500000000e-04  -7.819205e-03  -1.932091e-02
9.550000000e-04  -1.895333e-02  -2.497643e-02
9.600000000e-04  -2.394713e-02  -1.767556e-02
9.650000000e-04  -2.353041e-02  -1.426264e-02
9.700000000e-04  -4.428129e-02  -2.115055e-02
9.750000000e-04  -5.097181e-02  -3.356239e-02
9.800000000e-04  -4.111769e-02  -4.702220e-02
9.850000000e-04  -2.420985e-02  -2.792813e-02
9.900000000e-04  -8.634595e-03  -9.135726e-03
9.950000000e-04  -1.717694e-02  -2.226594e-02
1.000000000e-03  -2.742435e-02  -2.616044e-02
1.005000000e-03  -2.365486e-02  -2.337624e-02
1.010000000e-03  -2.392185e-02  -1.618655e-02
1.015000000e-03  -2.805829e-02  -1.209037e-02
1.020000000e-03  1.532261e-02  1.483683e-02
1.025000000e-03  2.316435e-02  1.782780e-02
1.030000000e-03  2.730607e-02  1.594659e-02
1.035000000e-03  2.785630e-02  -1.479074e-03
1.040000000e-03  1.961393e-02  1.061018e-02
1.045000000e-03  -5.370173e-03  -1.453465e-02
1.050000000e-03  -3.409787e-03  -2.077000e-02
1.055000000e-03  -8.759099e-04  -1.246587e-02
1.060000000e-03  1.627448e-02  3.053065e-03
1.065000000e-03  2.392009e-02  1.615679e-02
1.070000000e-03  2.113330e-02  2.843566e-02
1.075000000e-03  1.407838e-02  3.695986e-02
1.080000000e-03  1.425610e-02  3.657241e-02
1.085000000e-03  2.982572e-02  6.490700e-02
1.090000000e-03  3.826253e-02  6.055880e-02
1.095000000e-03  4.079591e-02  5.686802e-02
1.100000000e-03  4.612493e-02  5.183721e-02
1.105000000e-03  5.869032e-02  2.412709e-02
1.110000000e-03  5.339192e-02  3.352283e-02
1.115000000e-03  3.857086e-02  2.263140e-02
1.120000000e-03  4.869481e-02  3.483328e-02
1.125000000e-03  2.977881e-02  -8.697264e-03
1.130000000e-03  2.524218e-03  -3.044503e-02
1.135000000e-03  3.291151e-03  -1.849091e-02
1.140000000e-03  1.292093e-02  -1.619666e-02
1.145000000e-03  1.419429e-02  -1.145503e-02
1.150000000e-03  1.973595e-02  8.021079e-04
1.155000000e-03  2.725895e-02  -2.563349e-03
1.160000000e-03  3.075807e-02  -3.383739e-02
1.165000000e-03  1.159490e-02  -5.759488e-02
1.170000000e-03  2.863371e-03  -6.461846e-02
1.175000000e-03  2.756572e-03  -5.894085e-02
1.180000000e-03  -1.310245e-02  -7.723355e-02
1.185000000e-03  -3.134110e-02  -7.646208e-02
1.190000000e-03  -6.499152e-02  -9.114312e-02
1.195000000e-03  -7.261311e-02  -7.810008e-02
1.200000000e-03  -8.416436e-02  -8.324264e-02
1.205000000e-03  -7.371205e-02  -1.001507e-01
1.210000000e-03  -6.379446e-02  -8.298922e-02
1.215000000e-03  -6.791261e-02  -7.570831e-02
1.220000000e-03  -7.114182e-02  -6.734037e-02
1.225000000e-03  -7.019847e-02  -7.006281e-02
1.230000000e-03  -6.457196e-02  -6.772875e-02
1.235000000e-03  -5.292428e-02  -5.855086e-02
1.240000000e-03  -5.430969e-02  -5.412700e-02
1.245000000e-03  -4.683661e-02  -5.574414e-02
1.250000000e-03  -3.738816e-02  -4.549156e-02
1.255000000e-03  -2.389607e-02  -4.567657e-02
1.260000000e-03  -5.243409e-03  -3.191617e-02
1.265000000e-03  1.236507e-03  -3.433901e-02
1.270000000e-03  -9.105019e-03  -3.421085e-02
1.275000000e-03  7.857159e-03  -4.154780e-02
1.280000000e-03  2.888168e-03  -3.561964e-02
1.285000000e-03  -7.810920e-03  -4.648262e-02
1.290000000e-03  -1.158236e-02  -7.173451e-02
1.295000000e-03  -5.111033e-04  -6.907140e-02
1.300000000e-03  -8.714158e-03  -7.675451e-02
1.305000000e-03  -3.270946e-02  -7.474414e-02
1.310000000e-03  -8.169449e-03  -4.694797e-02
1.315000000e-03  -1.708429e-02  -5.005528e-02
1.320000000e-03  -2.353518e-02  -5.784463e-02
1.325000000e-03  -1.691458e-02  -4.579154e-02
1.330000000e-03  -2.638921e-02  -4.660286e-02
1.335000000e-03  -3.206625e-02  -5.110226e-02
1.340000000e-03  -2.184374e-02  -3.580237e-02
1.345000000e-03  -1.984969e-02  -3.744108e-02
1.350000000e-03  -3.092852e-02  -5.808596e-02
1.355000000e-03  -3.558683e-02  -5.841064e-02
1.360000000e-03  -4.763879e-02  -6.587440e-02
1.365000000e-03  -3.313037e-02  -6.833716e-02
1.370000000e-03  9.612836e-04  -6.809322e-02
1.375000000e-03  1.601532e-02  -4.921849e-02
1.380000000e-03  2.870511e-03  -5.680403e-02
1.385000000e-03  1.320907e-02  -4.878269e-02
1.390000000e-03  1.751979e-02  -6.974170e-02
1.395000000e-03  1.281178e-02  -7.156709e-02
1.400000000e-03  -1.738748e-03  -8.056153e-02
1.405000000e-03  -2.712359e-02  -7.481432e-02
1.410000000e-03  -5.340206e-02  -7.718854e-02
1.415000000e-03  -7.083056e-02  -9.934471e-02
1.420000000e-03  -6.451231e-02  -9.417075e-02
1.425000000e-03  -3.591747e-02  -5.608201e-02
1.430000000e-03  -3.291301e-02  -5.265585e-02
1.435000000e-03  -3.091705e-02  -5.902799e-02
1.440000000e-03  -5.640189e-03  -3.265428e-02
1.445000000e-03  -3.488833e-02  -6.237391e-02
1.450000000e-03  -4.854282e-02  -6.435086e-02
1.455000000e-03  -3.980260e-02  -7.042600e-02
1.460000000e-03  -4.591627e-02  -8.541110e-02
1.465000000e-03  -5.353263e-02  -8.482099e-02
1.470000000e-03  -5.515306e-02  -7.041639e-02
1.475000000e-03  -4.866467e-02  -4.852394e-02
1.480000000e-03  -5.082619e-02  -5.837256e-02
1.485000000e-03  -4.743660e-02  -6.152510e-02
1.490000000e-03  -4.022652e-02  -5.815710e-02
1.495000000e-03  -1.904681e-02  -4.042635e-02
1.500000000e-03  -1.014854e-02  -3.796155e-02
1.505000000e-03  -1.140398e-02  -3.430422e-02
1.510000000e-03  7.567254e-05  -4.411983e-02
1.515000000e-03  1.386954e-02  -4.968829e-02
1.520000000e-03  1.466604e-02  -3.852976e-02
1.525000000e-03  2.400514e-02  -3.875517e-03
1.530000000e-03  3.105995e-02  -4.346594e-03
1.535000000e-03  5.323127e-02  2.166182e-02
1.540000000e-03  5.846767e-02  2.892362e-02
1.545000000e-03  6.622824e-02  3.931476e-02
1.550000000e-03  4.503736e-02  3.220946e-02
1.555000000e-03  4.707630e-02  4.396587e-02
1.560000000e-03  3.139332e-02  2.303017e-02
1.565000000e-03  4.172314e-02  2.170950e-02
1.570000000e-03  3.657340e-02  1.202739e-02
1.575000000e-03  6.558139e-02  3.594278e-02
1.580000000e-03  7.437909e-02  4.666657e-02
1.585000000e-03  5.988099e-02  3.559782e-02
1.590000000e-03  6.248381e-02  3.069598e-02
1.595000000e-03  6.525323e-02  2.111108e-02
1.600000000e-03  4.108189e-02  4.252304e-03
1.605000000e-03  4.680753e-02  1.752035e-02
1.610000000e-03  3.933029e-02  1.986375e-02
1.615000000e-03  5.046748e-02  3.703828e-02
1.620000000e-03  5.677292e-02  2.889154e-02
1.625000000e-03  5.160842e-02  2.059137e-02
1.630000000e-03  5.192244e-02  3.971449e-02
1.635000000e-03  5.140444e-02  5.527075e-02
1.640000000e-03  5.339691e-02  6.416809e-02
1.645000000e-03  5.196502e-02  5.306050e-02
1.650000000e-03  4.147139e-02  4.186410e-02
1.655000000e-03  5.515557e-02  5.836115e-02
1.660000000e-03  3.765307e-02  5.544852e-02
1.665000000e-03  2.986270e-02  5.332384e-02
1.670000000e-03  2.278642e-02  4.743063e-02
1.675000000e-03  2.850375e-02  5.142597e-02
1.680000000e-03  7.440052e-03  1.455341e-02
1.685000000e-03  -1.509546e-02  6.652633e-03
1.690000000e-03  -1.065809e-02  -9.233020e-03
1.695000000e-03  -8.456201e-03  5.205782e-04
1.700000000e-03  -1.093815e-02  -3.186393e-03
1.705000000e-03  -1.445460e-02  -1.197999e-02
1.710000000e-03  -1.327615e-02  -2.594164e-03
1.715000000e-03  -3.782233e-02  -2.665880e-02
1.720000000e-03  -5.094713e-02  -2.860200e-02
1.725000000e-03  -5.512622e-02  -2.936192e-02
1.730000000e-03  -8.537980e-02  -3.684004e-02
1.735000000e-03  -9.338597e-02  -4.561766e-02
1.740000000e-03  -1.057366e-01  -5.271722e-02
1.745000000e-03  -1.102359e-01  -4.714576e-02
1.750000000e-03  -9.223287e-02  -3.678083e-02
1.755000000e-03  -9.512942e-02  -5.263376e-02
1.760000000e-03  -1.036915e-01  -5.925559e-02
1.765000000e-03  -1.142932e-01  -5.742663e-02
1.770000000e-03  -9.766377e-02  -6.253753e-02
1.775000000e-03  -8.947202e-02  -6.583608e-02
1.780000000e-03  -8.012808e-02  -6.490702e-02
1.785000000e-03  -8.434324e-02  -6.082126e-02
1.790000000e-03  -4.694008e-02  -1.299791e-02
1.795000000e-03  -4.124913e-02  -2.543379e-02
1.800000000e-03  -4.879101e-02  -3.801960e-02
1.805000000e-03  -3.521378e-02  -2.485124e-02
1.810000000e-03  -3.269588e-02  -2.622919e-02
1.815000000e-03  -3.876412e-02  -3.696302e-02
1.820000000e-03  -3.223250e-02  -1.815408e-02
1.825000000e-03  -2.981920e-02  -8.691729e-03
1.830000000e-03  -4.130066e-02  -1.352176e-02
1.835000000e-03  -4.041287e-02  1.162911e-04
1.840000000e-03  -6.128670e-02  1.250643e-02
1.845000000e-03  -5.176136e-02  2.841465e-02
1.850000000e-03  -4.828897e-02  4.190801e-02
1.855000000e-03  -5.469849e-02  4.953125e-02
1.860000000e-03  -4.869513e-02  5.598117e-02
1.865000000e-03  -4.290684e-02  4.963074e-02
1.870000000e-03  -3.866746e-02  7.408965e-02
1.875000000e-03  -6.012398e-02  7.515998e-02
1.880000000e-03  -4.682605e-02  1.028056e-01
1.885000000e-03  -4.901128e-02  9.573521e-02
1.890000000e-03  -5.259038e-02  9.756445e-02
1.895000000e-03  -3.016043e-02  1.191037e-01
1.900000000e-03  -3.395558e-02  1.145929e-01
1.905000000e-03  -4.541381e-02  9.939545e-02
1.910000000e-03  -4.711030e-02  8.719244e-02
1.915000000e-03  -3.968575e-02  8.107317e-02
1.920000000e-03  -3.217240e-02  8.498709e-02
1.925000000e-03  -2.892768e-02  7.979340e-02
1.930000000e-03  -2.313338e-02  6.891837e-02
1.935000000e-03  3.666421e-03  9.235367e-02
1.940000000e-03  7.816767e-03  7.789568e-02
1.945000000e-03  -9.558617e-03  4.700806e-02
1.950000000e-03  -7.749821e-03  3.796863e-02
1.955000000e-03  -1.019010e-02  2.283144e-02
1.960000000e-03  -4.341330e-03  2.026852e-02
1.965000000e-03  2.621678e-04  3.576207e-02
1.970000000e-03  -5.602917e-03  1.925366e-02
1.975000000e-03  -4.488357e-03  2.211643e-02
1.980000000e-03  4.214153e-03  3.159600e-02
1.985000000e-03  2.754473e-03  2.424330e-02
1.990000000e-03  8.988346e-03  3.314225e-02
1.995000000e-03  4.998316e-03  2.600803e-02
2.000000000e-03  2.422938e-02  4.021864e-02
2.005000000e-03  4.633182e-02  2.999811e-02
2.010000000e-03  5.825117e-02  3.581859e-02
2.015000000e-03  8.989999e-02  6.261327e-02
2.020000000e-03  9.272579e-02  4.058588e-02
2.025000000e-03  6.576101e-02  3.177692e-02
2.030000000e-03  6.353552e-02  2.297913e-02
2.035000000e-03  5.572192e-02  2.332045e-02
2.040000000e-03  5.466559e-02  1.342364e-02
2.045000000e-03  3.990957e-02  -1.498664e-02
2.050000000e-03  4.126828e-02  1.369719e-03
2.055000000e-03  3.316798e-02  1.077035e-02
2.060000000e-03  1.559437e-02  -2.352885e-03
2.065000000e-03  1.809340e-02  -1.065234e-02
2.070000000e-03  1.539949e-02  -1.779862e-02
2.075000000e-03  1.288989e-02  -1.801439e-02
2.080000000e-03  4.247330e-03  -1.608461e-02
2.085000000e-03  5.385844e-03  -2.205366e-02
2.090000000e-03  8.723610e-03  -3.101549e-02
2.095000000e-03  1.814610e-02  -2.455967e-02
2.100000000e-03  1.424412e-02  -1.546239e-02
2.105000000e-03  1.344063e-02  -4.957643e-03
2.110000000e-03  2.695740e-02  5.570562e-03
2.115000000e-03  2.775917e-04  -2.627404e-02
2.120000000e-03  -7.404544e-03  -3.812181e-02
2.125000000e-03  -1.181981e-02  -5.010768e-02
2.130000000e-03  -1.224813e-02  -5.188881e-02
2.135000000e-03  -2.322793e-02  -6.045976e-02
2.140000000e-03  -2.625317e-02  -7.260447e-02
2.145000000e-03  -2.793879e-02  -6.865523e-02
2.150000000e-03  -1.822064e-02  -5.350659e-02
2.155000000e-03  -1.857083e-02  -3.907201e-02
2.160000000e-03  -1.901239e-02  -1.918952e-02
2.165000000e-03  6.071012e-03  1.014659e-02
2.170000000e-03  -3.053138e-03  1.107931e-02
2.175000000e-03  5.701233e-03  3.283782e-02
2.180000000e-03  1.322715e-02  5.352764e-02
2.185000000e-03  1.877964e-02  5.972003e-02
2.190000000e-03  2.040262e-02  6.976415e-02
2.195000000e-03  9.874548e-03  6.294664e-02
2.200000000e-03  1.222768e-02  6.353877e-02
2.205000000e-03  4.493089e-03  4.682270e-02
2.210000000e-03  2.686415e-03  3.667392e-02
2.215000000e-03  -2.453177e-03  4.800073e-02
2.220000000e-03  1.268488e-02  5.425692e-02
2.225000000e-03  4.169629e-02  6.740982e-02
2.230000000e-03  3.308711e-02  4.276027e-02
2.235000000e-03  4.860585e-02  4.854695e-02
2.240000000e-03  5.770333e-02  5.154011e-02
2.245000000e-03  4.555679e-02  5.259572e-02
2.250000000e-03  4.345138e-02  3.892129e-02
2.255000000e-03  4.927398e-02  4.513910e-02
2.260000000e-03  4.744660e-02  5.129588e-02
2.265000000e-03  4.905210e-02  8.168640e-02
2.270000000e-03  4.236663e-02  7.516363e-02
2.275000000e-03  3.554380e-02  7.723783e-02
2.280000000e-03  4.598107e-02  1.093602e-01
2.285000000e-03  6.528608e-02  1.169264e-01
2.290000000e-03  5.491930e-02  1.108044e-01
2.295000000e-03  4.302992e-02  1.142879e-01
2.300000000e-03  3.602458e-02  9.074337e-02
2.305000000e-03  3.654633e-02  8.800971e-02
2.310000000e-03  3.025142e-02  6.913040e-02
2.315000000e-03  5.137049e-02  6.913991e-02
2.320000000e-03  6.088503e-02  5.916015e-02
2.325000000e-03  5.207921e-02  5.430929e-02
2.330000000e-03  6.845366e-02  6.564222e-02
2.335000000e-03  7.517928e-02  7.434149e-02
2.340000000e-03  4.758124e-02  8.635263e-02
2.345000000e-03  4.199889e-02  9.266872e-02
2.350000000e-03  1.873530e-02  9.738524e-02
2.355000000e-03  -2.106313e-03  8.730895e-02
2.360000000e-03  -2.642991e-02  8.771218e-02
2.365000000e-03  -2.158815e-02  1.031910e-01
2.370000000e-03  -5.938004e-03  1.331744e-01
2.375000000e-03  3.491337e-03  1.237173e-01
2.380000000e-03  2.089531e-02  1.276697e-01
2.385000000e-03  2.325153e-02  1.356330e-01
2.390000000e-03  1.755300e-02  1.131078e-01
2.395000000e-03  9.613186e-03  8.830513e-02
2.400000000e-03  8.201053e-03  8.679450e-02
2.405000000e-03  1.577464e-02  7.829631e-02
2.410000000e-03  1.450049e-02  7.168797e-02
2.415000000e-03  8.631508e-03  6.188119e-02
2.420000000e-03  1.174536e-02  5.639980e-02
2.425000000e-03  2.145425e-03  7.401267e-02
2.430000000e-03  9.095046e-03  9.328729e-02
2.435000000e-03  2.798328e-02  1.087030e-01
2.440000000e-03  -5.409004e-03  1.019599e-01
2.445000000e-03  2.296790e-03  1.172232e-01
2.450000000e-03  6.375510e-03  1.244298e-01
2.455000000e-03  1.365873e-02  1.207199e-01
2.460000000e-03  1.478069e-02  1.054399e-01
2.465000000e-03  1.233091e-02  9.241737e-02
2.470000000e-03  -3.445585e-03  7.428057e-02
2.475000000e-03  -5.344545e-03  8.067830e-02
2.480000000e-03  -3.869892e-04  9.343479e-02
2.485000000e-03  -1.214098e-02  7.442336e-02
2.490000000e-03  -2.701809e-02  4.644139e-02
2.495000000e-03  -1.109821e-02  4.861548e-02
2.500000000e-03  -3.193296e-03  4.941225e-02
2.505000000e-03  4.807421e-03  6.283501e-02
2.510000000e-03  7.449202e-03  6.003545e-02
2.515000000e-03  1.077267e-02  3.535259e-02
2.520000000e-03  5.473372e-03  3.288895e-02
2.525000000e-03  7.912432e-03  2.425323e-02
2.530000000e-03  -1.800617e-03  5.184346e-03
2.535000000e-03  1.763267e-02  8.322615e-03
2.540000000e-03  4.540187e-02  1.751405e-02
2.545000000e-03  3.993185e-02  3.148333e-03
2.550000000e-03  4.175013e-02  7.255897e-03
2.555000000e-03  3.531268e-02  7.751909e-03
2.560000000e-03  2.576824e-02  8.487145e-03
2.565000000e-03  1.931169e-02  2.267624e-03
2.570000000e-03  1.458025e-02  -7.557807e-03
2.575000000e-03  1.068615e-02  -8.468547e-03
2.580000000e-03  -6.033005e-03  -3.113775e-02
2.585000000e-03  -1.432735e-02  -3.967017e-02
2.590000000e-03  -5.368086e-03  -4.194414e-02
2.595000000e-03  -1.063415e-02  -5.243133e-02
2.600000000e-03  -1.990259e-02  -6.392955e-02
2.605000000e-03  -1.856080e-03  -6.659609e-02
2.610000000e-03  -1.427162e-02  -7.036254e-02
2.615000000e-03  -1.281441e-02  -6.333535e-02
2.620000000e-03  4.749008e-03  -6.619587e-02
2.625000000e-03  6.257429e-03  -4.792949e-02
2.630000000e-03  -5.827389e-03  -5.895010e-02
2.635000000e-03  -2.502806e-03  -5.274206e-02
2.640000000e-03  -2.261193e-02  -6.737356e-02
2.645000000e-03  -3.617672e-02  -6.669609e-02
2.650000000e-03  -5.015384e-02  -5.629528e-02
2.655000000e-03  -4.600047e-02  -5.844434e-02
2.660000000e-03  -5.527696e-02  -6.812379e-02
2.665000000e-03  -6.476732e-02  -6.946522e-02
2.670000000e-03  -9.200557e-02  -7.773162e-02
2.675000000e-03  -1.093180e-01  -9.031245e-02
2.680000000e-03  -1.054575e-01  -7.871921e-02
2.685000000e-03  -1.157253e-01  -6.729115e-02
2.690000000e-03  -1.131589e-01  -5.998569e-02
2.695000000e-03  -1.140901e-01  -5.562472e-02
2.700000000e-03  -1.181782e-01  -6.733111e-02
2.705000000e-03  -1.187939e-01  -6.737035e-02
2.710000000e-03  -1.357743e-01  -9.010552e-02
2.715000000e-03  -1.579027e-01  -9.666859e-02
2.720000000e-03  -1.469809e-01  -8.094231e-02
2.725000000e-03  -1.362624e-01  -6.749816e-02
2.730000000e-03  -1.192726e-01  -6.912453e-02
2.735000000e-03  -1.302115e-01  -7.521302e-02
2.740000000e-03  -1.574550e-01  -8.041909e-02
2.745000000e-03  -1.733974e-01  -6.518686e-02
2.750000000e-03  -1.525433e-01  -4.602401e-02
2.755000000e-03  -1.364856e-01  -2.012786e-02
2.760000000e-03  -1.278581e-01  -1.138353e-02
2.765000000e-03  -1.331415e-01  -2.569886e-02
2.770000000e-03  -1.323591e-01  -2.079830e-02
2.775000000e-03  -1.363655e-01  1.257105e-02
2.780000000e-03  -1.497734e-01  6.402038e-03
2.785000000e-03  -1.443706e-01  2.444288e-04
2.790000000e-03  -1.507018e-01  -3.388864e-03
2.795000000e-03  -1.434848e-01  -2.685075e-02
2.800000000e-03  -1.444289e-01  -2.605176e-02
2.805000000e-03  -1.345902e-01  -2.880372e-02
2.810000000e-03  -1.296659e-01  -4.787354e-02
2.815000000e-03  -1.278956e-01  -3.643562e-02
2.820000000e-03  -1.351396e-01  -1.467668e-02
2.825000000e-03  -1.315656e-01  -1.591978e-02
2.830000000e-03  -1.187445e-01  -3.767889e-02
2.835000000e-03  -1.251339e-01  -4.605629e-02
2.840000000e-03  -1.404580e-01  -5.437216e-02
2.845000000e-03  -1.279997e-01  -4.980405e-02
2.850000000e-03  -1.243461e-01  -4.070179e-02
2.855000000e-03  -1.254235e-01  -4.943157e-02
2.860000000e-03  -1.000892e-01  -5.501455e-02
2.865000000e-03  -8.123126e-02  -5.512651e-02
2.870000000e-03  -8.321146e-02  -7.537210e-02
2.875000000e-03  -8.131345e-02  -8.273624e-02
2.880000000e-03  -7.207939e-02  -8.129867e-02
2.885000000e-03  -5.064996e-02  -5.877204e-02
2.890000000e-03  -4.722759e-02  -6.049080e-02
2.895000000e-03  -2.909730e-02  -5.684693e-02
2.900000000e-03  -2.716519e-02  -4.358004e-02
2.905000000e-03  -2.934388e-02  -4.572836e-02
2.910000000e-03  -2.628530e-02  -3.249018e-02
2.915000000e-03  -3.424911e-02  -4.310941e-02
2.920000000e-03  -3.813667e-02  -4.430372e-02
2.925000000e-03  -2.627097e-02  -3.312798e-02
2.930000000e-03  -1.328360e-02  -3.599053e-02
2.935000000e-03  -1.109634e-02  -1.604144e-02
2.940000000e-03  9.032020e-03  -1.282517e-02
2.945000000e-03  1.472491e-02  -1.456493e-02
2.950000000e-03  3.298784e-02  -8.320568e-03
2.955000000e-03  3.170474e-02  6.565744e-04
2.960000000e-03  2.245707e-02  1.018425e-02
2.965000000e-03  2.502085e-02  1.043348e-02
2.970000000e-03  1.757110e-02  -7.460591e-03
2.975000000e-03  4.039702e-02  6.373269e-03
2.980000000e-03  4.598607e-02  4.559158e-03
2.985000000e-03  4.520087e-02  8.311391e-03
2.990000000e-03  3.457894e-02  -6.591536e-03
2.995000000e-03  4.127024e-02  7.641387e-03
3.000000000e-03  3.274098e-02  1.045373e-02
3.005000000e-03  2.551373e-02  8.490046e-03
3.010000000e-03  3.471940e-02  1.946271e-02
3.015000000e-03  3.527266e-02  1.816350e-02
3.020000000e-03  3.864878e-02  3.420297e-02
3.025000000e-03  3.460993e-02  6.314318e-02
3.030000000e-03  5.324536e-02  8.245773e-02
3.035000000e-03  5.017195e-02  6.936095e-02
3.040000000e-03  4.670130e-02  6.854413e-02
3.045000000e-03  5.124880e-02  6.978280e-02
3.050000000e-03  5.030323e-02  6.281632e-02
3.055000000e-03  4.448740e-02  4.259990e-02
3.060000000e-03  3.636112e-02  4.363211e-02
3.065000000e-03  3.344653e-02  3.761103e-02
3.070000000e-03  5.066875e-02  3.883717e-02
3.075000000e-03  5.276584e-02  3.981944e-02
3.080000000e-03  5.446502e-02  6.189408e-02
3.085000000e-03  3.855709e-02  7.534253e-02
3.090000000e-03  3.401897e-02  5.572297e-02
3.095000000e-03  2.705887e-02  5.282515e-02
3.100000000e-03  2.452049e-02  6.318950e-02
3.105000000e-03  2.606972e-02  4.292775e-02
3.110000000e-03  2.381229e-02  1.247023e-02
3.115000000e-03  1.098509e-02  1.437609e-02
3.120000000e-03  1.520565e-02  5.047363e-03
3.125000000e-03  1.934390e-02  1.768027e-03
3.130000000e-03  3.472689e-02  2.241007e-02
3.135000000e-03  4.576318e-02  3.393399e-02
3.140000000e-03  3.284037e-02  3.956652e-02
3.145000000e-03  2.808872e-02  2.341157e-02
3.150000000e-03  1.879196e-02  3.073878e-03
3.155000000e-03  1.843412e-02  1.237505e-02
3.160000000e-03  2.603135e-02  6.074626e-03
3.165000000e-03  4.576629e-02  9.768926e-03
3.170000000e-03  5.428111e-02  8.906386e-03
3.175000000e-03  6.135218e-02  2.095804e-02
3.180000000e-03  4.281039e-02  2.310077e-02
3.185000000e-03  3.951900e-02  2.444669e-02
3.190000000e-03  3.603860e-02  3.368242e-02
3.195000000e-03  3.037550e-02  4.006800e-02
3.200000000e-03  9.674205e-03  3.863682e-02
3.205000000e-03  5.796250e-03  2.041939e-02
3.210000000e-03  9.749121e-03  2.001381e-02
3.215000000e-03  3.975203e-04  1.831498e-02
3.220000000e-03  -6.116600e-03  1.539043e-02
3.225000000e-03  -5.459689e-03  1.745114e-02
3.230000000e-03  -7.113511e-03  2.732151e-02
3.235000000e-03  -1.659652e-02  1.733656e-02
3.240000000e-03  -2.661150e-02  1.759092e-02
3.245000000e-03  -3.240714e-02  1.082508e-02
3.250000000e-03  -4.547447e-02  -8.420913e-03
3.255000000e-03  -4.242317e-02  -1.414089e-02
3.260000000e-03  -5.050603e-02  -2.702188e-02
3.265000000e-03  -6.466854e-02  -4.121811e-02
3.270000000e-03  -6.348599e-02  -1.932080e-02
3.275000000e-03  -5.713506e-02  -7.084129e-04
3.280000000e-03  -5.522456e-02  -1.550943e-02
3.285000000e-03  -5.275486e-02  -1.174410e-02
3.290000000e-03  -4.182194e-02  -1.657993e-02
3.295000000e-03  -3.818432e-02  -1.110682e-02
3.300000000e-03  -4.247622e-02  -2.267440e-02
3.305000000e-03  -3.300728e-02  -2.087439e-02
3.310000000e-03  -3.654220e-02  -1.485462e-02
3.315000000e-03  -5.303031e-02  7.013506e-03
3.320000000e-03  -4.598861e-02  1.870170e-02
3.325000000e-03  -5.416770e-02  2.808988e-03
3.330000000e-03  -4.288891e-02  7.629247e-03
3.335000000e-03  -3.665620e-02  3.034544e-02
3.340000000e-03  -5.177352e-02  3.760494e-02
3.345000000e-03  -4.416963e-02  5.660616e-02
3.350000000e-03  -6.931482e-02  5.436759e-02
3.355000000e-03  -8.187551e-02  3.714558e-02
3.360000000e-03  -6.755064e-02  3.479880e-02
3.365000000e-03  -7.739136e-02  2.013033e-02
3.370000000e-03  -6.375824e-02  1.932196e-02
3.375000000e-03  -3.572488e-02  4.556420e-02
3.380000000e-03  -1.291530e-03  6.413505e-02
3.385000000e-03  6.099493e-03  5.804739e-02
3.390000000e-03  5.508177e-03  4.458134e-02
3.395000000e-03  -9.846618e-03  3.346244e-02
3.400000000e-03  -1.890791e-02  1.208838e-02
3.405000000e-03  -2.107148e-02  1.988950e-02
3.410000000e-03  -1.834501e-02  7.261334e-03
3.415000000e-03  9.202231e-04  1.313068e-02
3.420000000e-03  -1.374289e-02  -4.960818e-03
3.425000000e-03  -4.338570e-02  -2.847278e-02
3.430000000e-03  -5.981846e-02  -3.490260e-02
3.435000000e-03  -5.827957e-02  -2.548139e-02
3.440000000e-03  -5.185689e-02  -9.021163e-03
3.445000000e-03  -4.546133e-02  -7.265546e-03
3.450000000e-03  -5.402008e-02  -9.459696e-03
3.455000000e-03  -5.687726e-02  -3.868592e-02
3.460000000e-03  -4.463468e-02  -2.928790e-02
3.465000000e-03  -4.332668e-02  -2.197601e-02
3.470000000e-03  -5.486497e-02  -3.904397e-02
3.475000000e-03  -5.487729e-02  -3.195186e-02
3.480000000e-03  -8.055052e-02  -5.753277e-02
3.485000000e-03  -8.171621e-02  -5.043567e-02
3.490000000e-03  -8.699050e-02  -6.405963e-02
3.495000000e-03  -9.973150e-02  -8.019698e-02
3.500000000e-03  -1.012945e-01  -7.477592e-02
3.505000000e-03  -1.148770e-01  -8.602394e-02
3.510000000e-03  -1.028334e-01  -7.970742e-02
3.515000000e-03  -5.812193e-02  -5.967571e-02
3.520000000e-03  -5.748865e-02  -4.977989e-02
3.525000000e-03  -5.891535e-02  -2.672198e-02
3.530000000e-03  -5.805025e-02  -3.234851e-02
3.535000000e-03  -5.643568e-02  -3.135194e-02
3.540000000e-03  -6.619362e-02  -3.269274e-02
3.545000000e-03  -5.990319e-02  -2.644778e-02
3.550000000e-03  -3.772464e-02  -1.123674e-02
3.555000000e-03  -4.628011e-02  -3.985979e-03
3.560000000e-03  -4.367334e-02  9.867907e-03
3.565000000e-03  -5.020401e-02  3.185601e-03
3.570000000e-03  -6.698479e-02  -1.413496e-02
3.575000000e-03  -7.896762e-02  -3.400752e-02
3.580000000e-03  -8.259586e-02  -5.425536e-02
3.585000000e-03  -5.685907e-02  -6.606277e-02
3.590000000e-03  -5.421199e-02  -7.005261e-02
3.595000000e-03  -5.671568e-02  -7.268884e-02
3.600000000e-03  -5.068986e-02  -5.788946e-02
3.605000000e-03  -6.460348e-02  -5.689507e-02
3.610000000e-03  -8.350240e-02  -4.198734e-02
3.615000000e-03  -7.298573e-02  -5.482532e-02
3.620000000e-03  -5.818087e-02  -5.280555e-02
3.625000000e-03  -7.326552e-02  -5.911024e-02
3.630000000e-03  -6.925946e-02  -5.125058e-02
3.635000000e-03  -7.266434e-02  -5.880419e-02
3.640000000e-03  -5.828883e-02  -2.550599e-02
3.645000000e-03  -5.988038e-02  -2.588834e-02
3.650000000e-03  -6.481220e-02  -2.444863e-02
3.655000000e-03  -6.629062e-02  -3.049683e-03
3.660000000e-03  -6.961487e-02  -7.894892e-03
3.665000000e-03  -9.033662e-02  -3.341859e-02
3.670000000e-03  -8.756493e-02  -1.604576e-02
3.675000000e-03  -7.332803e-02  6.921091e-03
3.680000000e-03  -5.951141e-02  7.773840e-04
3.685000000e-03  -5.550662e-02  8.338440e-03
3.690000000e-03  -4.831863e-02  9.474117e-03
3.695000000e-03  -7.691919e-02  -8.142304e-05
3.700000000e-03  -8.933927e-02  5.338652e-03
3.705000000e-03  -9.424475e-02  2.642176e-03
3.710000000e-03  -1.198483e-01  1.862158e-03
3.715000000e-03  -1.277503e-01  1.155065e-02
3.720000000e-03  -1.289992e-01  3.602866e-03
3.725000000e-03  -9.899151e-02  2.550057e-02
3.730000000e-03  -9.632948e-02  2.128387e-02
3.735000000e-03  -8.940782e-02  1.334254e-02
3.740000000e-03  -1.046199e-01  -2.468793e-02
3.745000000e-03  -7.972938e-02  -1.345866e-02
3.750000000e-03  -6.408343e-02  -5.528357e-03
3.755000000e-03  -5.615590e-02  -2.072447e-02
3.760000000e-03  -5.627116e-02  -3.155860e-02
3.765000000e-03  -6.929798e-02  -1.799956e-02
3.770000000e-03  -7.616162e-02  3.889130e-05
3.775000000e-03  -8.508478e-02  -1.554816e-03
3.780000000e-03  -8.075517e-02  1.116782e-02
3.785000000e-03  -9.894520e-02  1.490632e-02
3.790000000e-03  -9.297597e-02  1.247302e-02
3.795000000e-03  -8.737820e-02  1.471067e-02
3.800000000e-03  -9.065986e-02  2.319182e-02
3.805000000e-03  -8.891856e-02  1.855923e-02
3.810000000e-03  -6.581398e-02  2.198461e-02
3.815000000e-03  -7.163749e-02  1.834996e-02
3.820000000e-03  -7.709060e-02  -7.679119e-03
3.825000000e-03  -7.142032e-02  3.940796e-03
3.830000000e-03  -8.683914e-02  2.154078e-03
3.835000000e-03  -8.122217e-02  1.776265e-02
3.840000000e-03  -5.336018e-02  4.608124e-02
3.845000000e-03  -4.887908e-02  5.632764e-02
3.850000000e-03  -5.409228e-02  5.322663e-02
3.855000000e-03  -5.393317e-02  5.417480e-02
3.860000000e-03  -4.405780e-02  7.212125e-02
3.865000000e-03  -4.146821e-02  6.266762e-02
3.870000000e-03  -4.076884e-02  7.197883e-02
3.875000000e-03  -5.045479e-02  5.011931e-02
3.880000000e-03  -6.656564e-02  3.031155e-02
3.885000000e-03  -6.088240e-02  3.283658e-02
3.890000000e-03  -6.874535e-02  1.568993e-03
3.895000000e-03  -6.357806e-02  1.395433e-02
3.900000000e-03  -6.026985e-02  1.763625e-02
3.905000000e-03  -4.544602e-02  4.657516e-02
3.910000000e-03  -3.606094e-02  5.668900e-02
3.915000000e-03  -5.169057e-02  1.981625e-02
3.920000000e-03  -5.938605e-02  3.717852e-02
3.925000000e-03  -6.543984e-02  2.842375e-02
3.930000000e-03  -5.358809e-02  5.124308e-02
3.935000000e-03  -4.272697e-02  5.803099e-02
3.940000000e-03  -4.945266e-02  5.866772e-02
3.945000000e-03  -4.031258e-02  5.363846e-02
3.950000000e-03  -3.535589e-02  4.525531e-02
3.955000000e-03  -2.940647e-02  4.451369e-02
3.960000000e-03  -1.930758e-02  5.019795e-02
3.965000000e-03  -2.299096e-02  5.355244e-02
3.970000000e-03  -1.644189e-02  6.583353e-02
3.975000000e-03  -9.046354e-03  7.063929e-02
3.980000000e-03  -1.213197e-03  6.271908e-02
3.985000000e-03  1.313675e-03  6.123468e-02
3.990000000e-03  -1.308479e-02  7.088987e-02
3.995000000e-03  -8.828435e-03  7.006796e-02
4.000000000e-03  -1.529832e-02  5.594028e-02
4.005000000e-03  -3.814405e-02  3.807236e-02
4.010000000e-03  -3.489498e-02  3.716189e-02
4.015000000e-03  -2.473508e-02  4.374487e-02
4.020000000e-03  -2.129045e-02  3.654076e-02
4.025000000e-03  -3.893620e-02  2.955147e-02
4.030000000e-03  -3.264953e-02  2.703338e-02
4.035000000e-03  -3.175650e-02  2.046741e-02
4.040000000e-03  -2.030151e-02  1.473289e-02
4.045000000e-03  -3.492657e-02  2.399673e-02
4.050000000e-03  -2.390054e-02  3.904764e-02
4.055000000e-03  -1.913991e-02  5.551311e-02
4.060000000e-03  -2.242442e-02  5.562532e-02
4.065000000e-03  -2.724687e-02  6.179429e-02
4.070000000e-03  -2.129530e-02  6.903787e-02
4.075000000e-03  -3.317019e-02  3.253132e-02
4.080000000e-03  -2.926165e-02  3.893627e-02
4.085000000e-03  -3.195165e-02  1.639410e-02
4.090000000e-03  -4.161067e-02  -4.725717e-05
4.095000000e-03  -5.130381e-02  -9.746739e-03
4.100000000e-03  -5.210789e-02  -6.258611e-03
4.105000000e-03  -2.385061e-02  1.199104e-02
4.110000000e-03  -5.889496e-03  2.364965e-02
4.115000000e-03  2.416991e-03  1.874781e-02
4.120000000e-03  1.562346e-03  3.338954e-02
4.125000000e-03  7.214739e-03  9.842509e-03
4.130000000e-03  4.308491e-03  6.081888e-03
4.135000000e-03  5.071033e-03  2.437856e-02
4.140000000e-03  1.562878e-03  1.959542e-02
4.145000000e-03  -6.324878e-03  9.656469e-03
4.150000000e-03  -2.653338e-02  -1.928248e-02
4.155000000e-03  -4.212493e-02  -3.789452e-02
4.160000000e-03  -4.287408e-02  -4.259031e-02
4.165000000e-03  -3.926597e-02  -4.589281e-02
4.170000000e-03  -4.245365e-02  -4.717327e-02
4.175000000e-03  -4.653654e-02  -4.249826e-02
4.180000000e-03  -4.803797e-02  -5.329775e-02
4.185000000e-03  -4.685422e-02  -5.473161e-02
4.190000000e-03  -6.465351e-02  -6.101895e-02
4.195000000e-03  -7.730346e-02  -7.177886e-02
4.200000000e-03  -6.534634e-02  -9.224746e-02
4.205000000e-03  -8.404807e-02  -1.219349e-01
4.210000000e-03  -7.931085e-02  -1.446894e-01
4.215000000e-03  -8.235416e-02  -1.678555e-01
4.220000000e-03  -6.387742e-02  -1.585994e-01
4.225000000e-03  -4.114427e-02  -1.547736e-01
4.230000000e-03  -5.365893e-02  -1.611415e-01
4.235000000e-03  -5.608511e-02  -1.432759e-01
4.240000000e-03  -6.997993e-02  -1.365298e-01
4.245000000e-03  -6.399351e-02  -1.286671e-01
4.250000000e-03  -7.343629e-02  -1.326098e-01
4.255000000e-03  -8.011292e-02  -1.374185e-01
4.260000000e-03  -6.475568e-02  -1.287856e-01
4.265000000e-03  -7.236547e-02  -1.248684e-01
4.270000000e-03  -6.203126e-02  -1.225032e-01
4.275000000e-03  -5.116625e-02  -1.145045e-01
4.280000000e-03  -5.642396e-02  -1.132368e-01
4.285000000e-03  -2.031874e-02  -9.679144e-02
4.290000000e-03  -2.883289e-02  -7.876404e-02
4.295000000e-03  -3.904486e-02  -7.628668e-02
4.300000000e-03  -3.815967e-02  -6.792381e-02
4.305000000e-03  -3.919529e-02  -8.155429e-02
4.310000000e-03  -4.345366e-02  -9.591361e-02
4.315000000e-03  -5.030461e-02  -9.375642e-02
4.320000000e-03  -4.851663e-02  -8.449306e-02
4.325000000e-03  -2.055446e-02  -6.981298e-02
4.330000000e-03  -2.239488e-02  -6.504857e-02
4.335000000e-03  -1.915452e-02  -8.077297e-02
4.340000000e-03  -1.341456e-02  -8.410777e-02
4.345000000e-03  -2.780888e-03  -6.851497e-02
4.350000000e-03  -1.966045e-02  -7.506400e-02
4.355000000e-03  -1.939104e-02  -5.936350e-02
4.360000000e-03  -1.149733e-02  -1.774590e-02
4.365000000e-03  -1.374563e-02  -1.561962e-02
4.370000000e-03  -1.051298e-02  -1.746095e-02
4.375000000e-03  -1.341316e-02  -2.476642e-03
4.380000000e-03  -2.280607e-02  -9.741707e-03
4.385000000e-03  -1.825305e-02  -5.960079e-03
4.390000000e-03  -1.940773e-02  -2.526351e-03
4.395000000e-03  -9.557865e-03  1.346489e-03
4.400000000e-03  -3.913219e-03  1.530369e-03
4.405000000e-03  -9.044001e-03  -1.460650e-02
4.410000000e-03  -9.119371e-04  -1.750856e-02
4.415000000e-03  -4.788598e-03  -4.059594e-03
4.420000000e-03  -2.354198e-03  2.070479e-02
4.425000000e-03  6.665239e-03  3.158655e-02
4.430000000e-03  -1.069453e-02  -6.438955e-04
4.435000000e-03  -2.202991e-02  1.577609e-02
4.440000000e-03  -2.601162e-02  3.150276e-02
4.445000000e-03  -3.366159e-02  2.586962e-02
4.450000000e-03  -4.294776e-02  2.364723e-02
4.455000000e-03  -4.698915e-02  9.773911e-03
4.460000000e-03  -7.090179e-02  -1.474810e-02
4.465000000e-03  -9.552909e-02  -4.415382e-02
4.470000000e-03  -7.512992e-02  -4.317479e-02
4.475000000e-03  -7.279842e-02  -4.577758e-02
4.480000000e-03  -6.719183e-02  -4.986709e-02
4.485000000e-03  -6.778807e-02  -5.512046e-02
4.490000000e-03  -6.717456e-02  -6.475460e-02
4.495000000e-03  -6.079044e-02  -4.980009e-02
4.500000000e-03  -7.091194e-02  -5.455824e-02
4.505000000e-03  -8.115158e-02  -5.656267e-02
4.510000000e-03  -8.519562e-02  -5.614119e-02
4.515000000e-03  -1.005616e-01  -6.209301e-02
4.520000000e-03  -9.084105e-02  -7.879477e-02
4.525000000e-03  -9.893330e-02  -8.287124e-02
4.530000000e-03  -1.014738e-01  -7.553138e-02
4.535000000e-03  -1.043606e-01  -9.580877e-02
4.540000000e-03  -8.131326e-02  -7.775633e-02
4.545000000e-03  -7.182442e-02  -8.993604e-02
4.550000000e-03  -8.125469e-02  -7.360901e-02
4.555000000e-03  -7.455591e-02  -7.607176e-02
4.560000000e-03  -7.399534e-02  -5.693482e-02
4.565000000e-03  -1.151594e-01  -7.208860e-02
4.570000000e-03  -1.236202e-01  -7.863516e-02
4.575000000e-03  -8.300475e-02  -6.337734e-02
4.580000000e-03  -7.667397e-02  -5.990188e-02
4.585000000e-03  -8.658974e-02  -5.830370e-02
4.590000000e-03  -9.053242e-02  -5.760405e-02
4.595000000e-03  -1.072863e-01  -6.204408e-02
4.600000000e-03  -1.111953e-01  -5.864897e-02
4.605000000e-03  -1.076816e-01  -5.761006e-02
4.610000000e-03  -9.501474e-02  -3.305966e-02
4.615000000e-03  -1.058201e-01  -4.513437e-02
4.620000000e-03  -1.230447e-01  -7.156317e-02
4.625000000e-03  -9.685673e-02  -6.026782e-02
4.630000000e-03  -9.518424e-02  -4.636257e-02
4.635000000e-03  -1.063837e-01  -5.336462e-02
4.640000000e-03  -9.137209e-02  -4.556843e-02
4.645000000e-03  -7.789956e-02  -3.521681e-02
4.650000000e-03  -6.368802e-02  -1.008865e-02
4.655000000e-03  -4.974610e-02  1.256095e-02
4.660000000e-03  -4.251746e-02  2.610736e-02
4.665000000e-03  -5.932153e-02  2.480438e-02
4.670000000e-03  -5.387810e-02  4.211195e-02
4.675000000e-03  -4.098088e-02  5.741657e-02
4.680000000e-03  -4.613608e-02  4.945474e-02
4.685000000e-03  -4.969106e-02  2.621308e-02
4.690000000e-03  -2.529827e-02  3.945443e-02
4.695000000e-03  1.005325e-02  6.648465e-02
4.700000000e-03  3.059554e-02  6.409229e-02
4.705000000e-03  3.611131e-02  6.188402e-02
4.710000000e-03  5.410276e-02  7.036529e-02
4.715000000e-03  5.799760e-02  6.471760e-02
4.720000000e-03  4.794201e-02  5.775254e-02
4.725000000e-03  5.048881e-02  6.341483e-02
4.730000000e-03  5.641640e-02  6.652699e-02
4.735000000e-03  4.873426e-02  6.239383e-02
4.740000000e-03  4.494802e-02  6.643319e-02
4.745000000e-03  3.615287e-02  5.576425e-02
4.750000000e-03  2.028686e-02  3.361172e-02
4.755000000e-03  1.034418e-02  2.826613e-02
4.760000000e-03  6.186068e-03  1.227108e-02
4.765000000e-03  -5.301526e-03  -9.723492e-03
4.770000000e-03  -1.616822e-02  -4.031264e-03
4.775000000e-03  -2.457599e-02  -1.061688e-02
4.780000000e-03  -1.926108e-02  3.915786e-03
4.785000000e-03  -1.353386e-02  3.504456e-02
4.790000000e-03  -2.562400e-02  3.877071e-02
4.795000000e-03  -1.509133e-02  4.777261e-02
4.800000000e-03  -1.887986e-02  6.374809e-02
4.805000000e-03  -7.352361e-03  6.506733e-02
4.810000000e-03  -4.810136e-03  7.133075e-02
4.815000000e-03  -1.166773e-02  7.774530e-02
4.820000000e-03  -3.246695e-02  5.561887e-02
4.825000000e-03  -1.066884e-02  7.090875e-02
4.830000000e-03  -8.802539e-03  7.193010e-02
4.835000000e-03  -9.449138e-03  5.289908e-02
4.840000000e-03  -5.467509e-03  3.267352e-02
4.845000000e-03  -2.738761e-03  2.315094e-02
4.850000000e-03  -1.269252e-02  2.043183e-02
4.855000000e-03  -1.425593e-02  1.567769e-02
4.860000000e-03  -4.697219e-03  3.474953e-02
4.865000000e-03  -1.439268e-02  2.694144e-02
4.870000000e-03  -1.218262e-02  2.505462e-02
4.875000000e-03  -1.475149e-02  3.322979e-02
4.880000000e-03  -2.775321e-02  4.052533e-02
4.885000000e-03  -2.414544e-02  6.239349e-02
4.890000000e-03  -1.251551e-02  7.402217e-02
4.895000000e-03  -1.093698e-02  6.214236e-02
4.900000000e-03  -1.993313e-02  5.319954e-02
4.905000000e-03  -2.756487e-02  3.631630e-02
4.910000000e-03  -3.030866e-02  4.558067e-02
4.915000000e-03  -1.923773e-02  6.302319e-02
4.920000000e-03  -1.666583e-02  5.722354e-02
4.925000000e-03  -7.384301e-03  3.813102e-02
4.930000000e-03  1.940730e-02  5.814944e-02
4.935000000e-03  4.080357e-03  3.628955e-02
4.940000000e-03  -1.208133e-02  4.107650e-02
4.945000000e-03  -4.163471e-03  4.577686e-02
4.950000000e-03  3.322637e-03  4.156749e-02
4.955000000e-03  1.512969e-03  4.385860e-02
4.960000000e-03  1.081493e-02  3.782221e-02
4.965000000e-03  -6.010743e-03  1.220099e-02
4.970000000e-03  -1.775441e-02  6.175329e-03
4.975000000e-03  -3.581547e-02  2.952610e-03
4.980000000e-03  -3.258055e-02  5.959685e-03
4.985000000e-03  -2.167998e-02  1.478482e-02
4.990000000e-03  -2.989266e-02  -5.358227e-03
4.995000000e-03  -4.153696e-02  -2.978380e-02
5.000000000e-03  -6.291599e-02  -4.417510e-02
5.005000000e-03  -7.206751e-02  -2.787170e-02
5.010000000e-03  -7.707678e-02  -3.234307e-02
5.015000000e-03  -6.670671e-02  -1.869667e-02
5.020000000e-03  -7.182564e-02  -1.051528e-02
5.025000000e-03  -7.897061e-02  -2.068654e-02
5.030000000e-03  -6.972935e-02  -1.752903e-02
5.035000000e-03  -6.623671e-02  -1.916857e-02
5.040000000e-03  -4.014381e-02  -7.627291e-03
5.045000000e-03  -4.181104e-02  1.002712e-02
5.050000000e-03  -3.996645e-02  8.280951e-03
5.055000000e-03  -3.624807e-02  -1.547209e-02
5.060000000e-03  -5.086310e-02  -4.271373e-02
5.065000000e-03  -5.922087e-02  -4.945635e-02
5.070000000e-03  -2.976978e-02  -3.414892e-02
5.075000000e-03  -2.763002e-02  -2.929432e-02
5.080000000e-03  -2.702061e-02  -1.383146e-02
5.085000000e-03  -1.679357e-02  -2.399204e-02
5.090000000e-03  -1.265737e-02  -3.810175e-02
5.095000000e-03  -1.539421e-02  -4.392512e-02
5.100000000e-03  -1.901951e-02  -4.723982e-02
5.105000000e-03  -1.690450e-02  -5.966729e-02
5.110000000e-03  -1.871224e-02  -6.670941e-02
5.115000000e-03  -2.665148e-02  -4.693398e-02
5.120000000e-03  -2.464105e-02  -6.657544e-02
5.125000000e-03  -2.682043e-02  -6.184108e-02
5.130000000e-03  -2.302557e-02  -2.210218e-02
5.135000000e-03  -3.739618e-02  -2.525854e-02
5.140000000e-03  -4.079568e-02  -2.965455e-02
5.145000000e-03  -2.675306e-02  -1.159935e-02
5.150000000e-03  -2.222051e-02  -2.894422e-02
5.155000000e-03  -2.855795e-02  -3.133492e-02
5.160000000e-03  -2.289802e-02  -2.390488e-02
5.165000000e-03  -3.425667e-02  -5.527614e-02
5.170000000e-03  -3.022172e-02  -6.146350e-02
5.175000000e-03  -5.765444e-02  -9.073482e-02
5.180000000e-03  -5.866591e-02  -8.524837e-02
5.185000000e-03  -7.219227e-02  -8.362579e-02
5.190000000e-03  -8.929014e-02  -1.000924e-01
5.195000000e-03  -9.376757e-02  -1.016208e-01
5.200000000e-03  -1.042423e-01  -1.127967e-01
5.205000000e-03  -1.060474e-01  -1.041967e-01
5.210000000e-03  -1.227745e-01  -1.531510e-01
5.215000000e-03  -1.167395e-01  -1.935963e-01
5.220000000e-03  -1.054927e-01  -1.905493e-01
5.225000000e-03  -1.144484e-01  -2.179272e-01
5.230000000e-03  -1.075609e-01  -2.138055e-01
5.235000000e-03  -1.010177e-01  -2.150196e-01
5.240000000e-03  -1.041690e-01  -2.012584e-01
5.245000000e-03  -1.289059e-01  -2.071504e-01
5.250000000e-03  -1.285552e-01  -2.059174e-01
5.255000000e-03  -1.195550e-01  -1.865441e-01
5.260000000e-03  -1.078960e-01  -1.739865e-01
5.265000000e-03  -1.015165e-01  -1.496504e-01
5.270000000e-03  -1.155412e-01  -1.494831e-01
5.275000000e-03  -9.604572e-02  -1.180218e-01
5.280000000e-03  -9.697816e-02  -1.137567e-01
5.285000000e-03  -9.989469e-02  -1.095381e-01
5.290000000e-03  -1.061375e-01  -1.255935e-01
5.295000000e-03  -1.154907e-01  -1.186761e-01
5.300000000e-03  -1.128031e-01  -1.173499e-01
5.305000000e-03  -1.051506e-01  -1.154365e-01
5.310000000e-03  -1.163572e-01  -1.206171e-01
5.315000000e-03  -1.017029e-01  -1.099847e-01
5.320000000e-03  -1.007636e-01  -8.534986e-02
5.325000000e-03  -1.180252e-01  -1.021137e-01
5.330000000e-03  -1.097424e-01  -9.090153e-02
5.335000000e-03  -1.057315e-01  -7.588182e-02
5.340000000e-03  -1.057551e-01  -8.362671e-02
5.345000000e-03  -1.232946e-01  -1.178708e-01
5.350000000e-03  -1.064590e-01  -1.187213e-01
5.355000000e-03  -1.189225e-01  -1.140179e-01
5.360000000e-03  -1.240349e-01  -1.251700e-01
5.365000000e-03  -1.422694e-01  -1.457023e-01
5.370000000e-03  -1.484358e-01  -1.462722e-01
5.375000000e-03  -1.374140e-01  -1.326718e-01
5.380000000e-03  -1.171782e-01  -1.038983e-01
5.385000000e-03  -9.792245e-02  -8.829758e-02
5.390000000e-03  -7.406097e-02  -9.113440e-02
5.395000000e-03  -6.412802e-02  -6.436963e-02
5.400000000e-03  -6.628536e-02  -6.264592e-02
5.405000000e-03  -6.395399e-02  -7.750437e-02
5.410000000e-03  -7.182651e-02  -7.920321e-02
5.415000000e-03  -6.384449e-02  -5.731985e-02
5.420000000e-03  -7.373468e-02  -4.709358e-02
5.425000000e-03  -6.249113e-02  -4.225555e-02
5.430000000e-03  -5.805171e-02  -3.899071e-02
5.435000000e-03  -4.029115e-02  5.484273e-03
5.440000000e-03  -2.275727e-02  3.347184e-02
5.445000000e-03  -4.790001e-02  2.494980e-02
5.450000000e-03  -4.155146e-02  3.467506e-02
5.455000000e-03  -4.109061e-02  4.328043e-02
5.460000000e-03  -1.165389e-02  8.634469e-02
5.465000000e-03  -6.653544e-03  1.018732e-01
5.470000000e-03  -1.835518e-02  9.036704e-02
5.475000000e-03  -7.516425e-03  9.041971e-02
5.480000000e-03  9.240331e-03  7.379628e-02
5.485000000e-03  8.166949e-03  8.606162e-02
5.490000000e-03  1.000395e-02  7.946880e-02
5.495000000e-03  1.208328e-02  7.637083e-02
5.500000000e-03  2.094572e-02  8.745185e-02
5.505000000e-03  3.068915e-02  9.053891e-02
5.510000000e-03  4.643562e-02  9.889596e-02
5.515000000e-03  3.769704e-02  1.000984e-01
5.520000000e-03  3.078726e-02  7.268308e-02
5.525000000e-03  2.500706e-02  8.213192e-02
5.530000000e-03  1.387150e-02  6.971119e-02
5.535000000e-03  -2.644267e-03  7.945592e-02
5.540000000e-03  5.670107e-03  8.368095e-02
5.545000000e-03  1.445142e-02  7.898109e-02
5.550000000e-03  8.048401e-03  6.779640e-02
5.555000000e-03  1.717839e-02  6.493940e-02
5.560000000e-03  1.250115e-02  5.550844e-02
5.565000000e-03  2.945776e-02  6.145457e-02
5.570000000e-03  3.553389e-02  8.108416e-02
5.575000000e-03  4.265147e-02  7.140139e-02
5.580000000e-03  4.403268e-02  7.048873e-02
5.585000000e-03  1.863835e-02  5.020810e-02
5.590000000e-03  3.068839e-02  5.431141e-02
5.595000000e-03  2.506302e-02  3.312075e-02
5.600000000e-03  2.597107e-02  3.763533e-02
5.605000000e-03  2.452138e-02  3.933956e-02
5.610000000e-03  1.884821e-02  4.038724e-02
5.615000000e-03  1.254322e-02  3.958408e-02
5.620000000e-03  8.663830e-03  4.070384e-02
5.625000000e-03  -1.153875e-02  3.223326e-02
5.630000000e-03  1.930657e-03  4.320485e-02
5.635000000e-03  2.940497e-03  4.206896e-02
5.640000000e-03  -1.283398e-02  3.274886e-02
5.645000000e-03  -2.613138e-03  2.763873e-02
5.650000000e-03  -3.406519e-03  2.175478e-02
5.655000000e-03  1.984058e-03  3.234585e-02
5.660000000e-03  1.387446e-02  4.945669e-02
5.665000000e-03  2.658238e-02  6.009142e-02
5.670000000e-03  1.629887e-02  5.108181e-02
5.675000000e-03  1.862142e-02  5.060635e-02
5.680000000e-03  1.773452e-02  6.972829e-02
5.685000000e-03  3.221836e-02  8.341619e-02
5.690000000e-03  5.544017e-02  7.968468e-02
5.695000000e-03  5.490046e-02  5.906754e-02
5.700000000e-03  4.867826e-02  4.746550e-02
5.705000000e-03  4.180832e-02  3.902947e-02
5.710000000e-03  4.529456e-02  1.170661e-02
5.715000000e-03  5.909387e-02  -5.260487e-03
5.720000000e-03  6.629907e-02  3.873220e-03
5.725000000e-03  5.851539e-02  -3.832055e-03
5.730000000e-03  5.503328e-02  -2.895197e-02
5.735000000e-03  7.577713e-02  -2.881977e-02
5.740000000e-03  8.165297e-02  -1.321905e-02
5.745000000e-03  9.010402e-02  -1.208617e-03
5.750000000e-03  9.274171e-02  -1.822056e-03
5.755000000e-03  1.017563e-01  -2.531479e-03
5.760000000e-03  1.032013e-01  -1.252033e-02
5.765000000e-03  1.142805e-01  -1.520412e-02
5.770000000e-03  1.148512e-01  -2.125630e-02
5.775000000e-03  1.316665e-01  -4.482923e-03
5.780000000e-03  1.349083e-01  -8.147615e-03
5.785000000e-03  1.336321e-01  6.463535e-03
5.790000000e-03  1.256722e-01  -1.322802e-03
5.795000000e-03  1.183183e-01  -1.401276e-04
5.800000000e-03  1.088684e-01  5.222430e-03
5.805000000e-03  9.642124e-02  -1.550562e-03
5.810000000e-03  8.628524e-02  2.905676e-03
5.815000000e-03  9.910999e-02  -5.234170e-03
5.820000000e-03  9.963937e-02  -1.827137e-02
5.825000000e-03  9.680720e-02  -1.704178e-02
5.830000000e-03  8.781566e-02  -1.723334e-02
5.835000000e-03  6.484008e-02  -2.693426e-02
5.840000000e-03  5.036854e-02  -7.918117e-03
5.845000000e-03  3.430646e-02  -2.679253e-03
5.850000000e-03  1.478563e-02  -4.913471e-03
5.855000000e-03  -3.068561e-03  -9.413626e-03
5.860000000e-03  1.874204e-02  -1.088909e-02
5.865000000e-03  3.976126e-02  1.196232e-03
5.870000000e-03  3.276654e-02  -4.403189e-02
5.875000000e-03  4.132849e-02  -4.524318e-02
5.880000000e-03  4.468636e-02  -5.132183e-02
5.885000000e-03  3.534727e-02  -5.639579e-02
5.890000000e-03  3.625415e-02  -7.633838e-02
5.895000000e-03  5.323731e-02  -7.521076e-02
5.900000000e-03  6.376000e-02  -9.815447e-02
5.905000000e-03  5.899310e-02  -9.368148e-02
5.910000000e-03  6.010145e-02  -8.986815e-02
5.915000000e-03  6.910945e-02  -8.057197e-02
5.920000000e-03  7.695036e-02  -8.810128e-02
5.925000000e-03  4.047897e-02  -1.056354e-01
5.930000000e-03  1.574360e-02  -1.130040e-01
5.935000000e-03  6.864205e-05  -1.069777e-01
5.940000000e-03  -8.107237e-03  -1.073379e-01
5.945000000e-03  -7.925375e-03  -1.107899e-01
5.950000000e-03  -4.899290e-03  -1.148507e-01
5.955000000e-03  5.860830e-03  -1.151786e-01
5.960000000e-03  -1.150437e-02  -1.381170e-01
5.965000000e-03  -1.924972e-02  -1.417126e-01
5.970000000e-03  -3.731156e-03  -1.229802e-01
5.975000000e-03  -5.126792e-03  -1.049953e-01
5.980000000e-03  3.031722e-04  -1.055017e-01
5.985000000e-03  1.254351e-02  -1.171985e-01
5.990000000e-03  9.102156e-03  -1.127732e-01
5.995000000e-03  8.546099e-03  -9.959241e-02
6.000000000e-03  1.546325e-02  -8.348281e-02
6.005000000e-03  1.895542e-02  -7.145925e-02
6.010000000e-03  2.824054e-03  -5.989296e-02
6.015000000e-03  -1.557223e-03  -5.310910e-02
6.020000000e-03  -9.253446e-03  -5.345492e-02
6.025000000e-03  -2.037990e-02  -4.002537e-02
6.030000000e-03  -9.924718e-03  -4.016362e-02
6.035000000e-03  -2.405895e-03  -6.023471e-02
6.040000000e-03  -1.334172e-02  -8.634713e-02
6.045000000e-03  -4.235985e-02  -9.399330e-02
6.050000000e-03  -2.491902e-02  -7.754408e-02
6.055000000e-03  -2.602207e-02  -5.975891e-02
6.060000000e-03  -2.566745e-02  -6.687820e-02
6.065000000e-03  -2.327295e-02  -5.751727e-02
6.070000000e-03  -3.021720e-02  -4.495249e-02
6.075000000e-03  -1.028043e-02  -3.868510e-02
6.080000000e-03  -5.219273e-03  -4.266493e-02
6.085000000e-03  7.185113e-03  -3.947787e-02
6.090000000e-03  -1.112151e-02  -5.795626e-02
6.095000000e-03  -2.121584e-02  -5.776702e-02
6.100000000e-03  -8.230126e-03  -3.015740e-02
6.105000000e-03  -8.238876e-03  -3.192917e-02
6.110000000e-03  -1.455037e-02  -3.464430e-02
6.115000000e-03  -1.150562e-02  -3.379678e-02
6.120000000e-03  -2.267707e-02  -2.479727e-02
6.125000000e-03  -1.926734e-02  -3.116570e-02
6.130000000e-03  -1.270412e-02  -2.543553e-02
6.135000000e-03  -1.308872e-02  -2.823847e-02
6.140000000e-03  -1.481958e-02  -1.983488e-02
6.145000000e-03  -3.720573e-02  -3.103640e-02
6.150000000e-03  -3.967060e-02  -4.659589e-02
6.155000000e-03  -5.183471e-02  -5.361607e-02
6.160000000e-03  -4.400741e-02  -5.320677e-02
6.165000000e-03  -4.505895e-02  -4.832130e-02
6.170000000e-03  -5.223103e-02  -6.620099e-02
6.175000000e-03  -3.688378e-02  -6.159339e-02
6.180000000e-03  -3.743960e-02  -4.661994e-02
6.185000000e-03  -3.358559e-02  -5.192040e-02
6.190000000e-03  -1.461016e-02  -4.829830e-02
6.195000000e-03  -2.519443e-02  -6.256746e-02
6.200000000e-03  -2.740267e-02  -4.815522e-02
6.205000000e-03  -1.320581e-02  -5.779423e-02
6.210000000e-03  -1.234207e-02  -4.687224e-02
6.215000000e-03  -1.202637e-02  -4.488174e-02
6.220000000e-03  6.372911e-03  -3.566263e-02
6.225000000e-03  1.791721e-02  -1.501813e-02
6.230000000e-03  3.709648e-02  -1.516698e-02
6.235000000e-03  4.822777e-02  -1.289251e-02
6.240000000e-03  2.620518e-02  -3.505189e-02
6.245000000e-03  2.228558e-02  -2.790847e-02
6.250000000e-03  2.357945e-02  -3.634271e-02
6.255000000e-03  3.466765e-02  -2.949425e-02
6.260000000e-03  2.542889e-02  -2.354719e-02
6.265000000e-03  2.586758e-02  -6.562138e-03
6.270000000e-03  2.200593e-02  -1.612713e-02
6.275000000e-03  4.020305e-02  -1.344836e-02
6.280000000e-03  3.622364e-02  -1.043634e-02
6.285000000e-03  4.820031e-02  3.172690e-03
6.290000000e-03  5.098605e-02  -5.147194e-03
6.295000000e-03  4.918620e-02  3.258779e-03
6.300000000e-03  2.987660e-02  -1.053224e-02
6.305000000e-03  9.545639e-03  -2.552708e-02
6.310000000e-03  -5.623425e-03  -3.781993e-02
6.315000000e-03  -4.571440e-03  -3.841280e-02
6.320000000e-03  -5.301943e-03  -5.964948e-02
6.325000000e-03  -3.966574e-03  -6.905666e-02
6.330000000e-03  3.844604e-03  -3.656402e-02
6.335000000e-03  -3.944841e-04  -2.298013e-02
6.340000000e-03  -4.308749e-03  -1.524689e-02
6.345000000e-03  -1.302937e-02  -1.094162e-02
6.350000000e-03  -1.337820e-02  -2.851201e-03
6.355000000e-03  2.216735e-03  -5.207184e-04
6.360000000e-03  7.653924e-03  3.380732e-02
6.365000000e-03  1.379652e-02  3.192114e-02
6.370000000e-03  -1.003992e-02  2.892787e-03
6.375000000e-03  -3.420795e-02  -5.824489e-03
6.380000000e-03  -1.920432e-02  1.517411e-02
6.385000000e-03  6.738376e-03  6.441834e-02
6.390000000e-03  -8.681006e-03  5.567783e-02
6.395000000e-03  -2.062624e-02  1.734680e-02
6.400000000e-03  -2.044053e-02  2.468022e-02
6.405000000e-03  -2.869236e-02  3.678834e-02
6.410000000e-03  -3.837861e-02  1.337983e-02
6.415000000e-03  -1.749399e-02  2.224728e-02
6.420000000e-03  1.018596e-02  6.120473e-02
6.425000000e-03  1.687498e-02  6.613614e-02
6.430000000e-03  8.482754e-03  6.930338e-02
6.435000000e-03  1.111132e-02  6.663012e-02
6.440000000e-03  7.628589e-03  6.469691e-02
6.445000000e-03  1.831361e-02  6.931173e-02
6.450000000e-03  1.467364e-02  7.511603e-02
6.455000000e-03  -1.196432e-03  7.418005e-02
6.460000000e-03  -1.731349e-02  8.092509e-02
6.465000000e-03  -1.855973e-02  9.681394e-02
6.470000000e-03  -3.007285e-02  8.548471e-02
6.475000000e-03  -3.592436e-02  7.574610e-02
6.480000000e-03  -1.229106e-02  8.769832e-02
6.485000000e-03  -1.419746e-02  9.727095e-02
6.490000000e-03  -1.812249e-02  1.028437e-01
6.495000000e-03  -1.400956e-02  9.113650e-02
6.500000000e-03  -2.275958e-02  8.011534e-02
6.505000000e-03  -3.433201e-02  6.543440e-02
6.510000000e-03  -2.564763e-02  8.408339e-02
6.515000000e-03  -1.720460e-02  9.638290e-02
6.520000000e-03  -1.897275e-02  1.095583e-01
6.525000000e-03  -2.198444e-02  8.856437e-02
6.530000000e-03  -4.998727e-03  8.414293e-02
6.535000000e-03  6.489219e-03  9.918824e-02
6.540000000e-03  9.437586e-03  1.184665e-01
6.545000000e-03  4.102299e-03  1.227202e-01
6.550000000e-03  1.390591e-02  1.280668e-01
6.555000000e-03  1.720756e-02  1.064057e-01
6.560000000e-03  -4.243688e-03  7.138464e-02
6.565000000e-03  3.089618e-03  5.933947e-02
6.570000000e-03  1.198901e-02  5.962727e-02
6.575000000e-03  1.510967e-02  6.787781e-02
6.580000000e-03  2.314714e-02  6.632506e-02
6.585000000e-03  2.148761e-02  5.674264e-02
6.590000000e-03  -1.617168e-03  6.497496e-02
6.595000000e-03  8.417921e-03  6.339179e-02
6.600000000e-03  -3.172415e-03  4.813645e-02
6.605000000e-03  5.569361e-03  4.941221e-02
6.610000000e-03  1.704933e-02  7.978278e-02
6.615000000e-03  3.626167e-02  7.907627e-02
6.620000000e-03  5.690596e-02  8.350026e-02
6.625000000e-03  5.631660e-02  8.007465e-02
6.630000000e-03  5.501715e-02  7.105332e-02
6.635000000e-03  5.263192e-02  7.052331e-02
6.640000000e-03  6.952429e-02  7.366548e-02
6.645000000e-03  6.887356e-02  8.471110e-02
6.650000000e-03  6.360119e-02  9.418096e-02
6.655000000e-03  7.454793e-02  1.065920e-01
6.660000000e-03  9.037837e-02  1.159709e-01
6.665000000e-03  8.186576e-02  1.288870e-01
6.670000000e-03  8.621432e-02  1.301501e-01
6.675000000e-03  9.095426e-02  1.379572e-01
6.680000000e-03  9.090518e-02  1.490271e-01
6.685000000e-03  6.119851e-02  1.362690e-01
6.690000000e-03  3.060380e-02  1.042416e-01
6.695000000e-03  3.133423e-02  9.196293e-02
6.700000000e-03  1.715921e-02  7.439939e-02
6.705000000e-03  1.390832e-02  6.852266e-02
6.710000000e-03  -3.132806e-02  6.226480e-02
6.715000000e-03  -4.425588e-02  4.631537e-02
6.720000000e-03  -2.084698e-02  5.490654e-02
6.725000000e-03  -2.970233e-02  2.590427e-02
6.730000000e-03  -3.276724e-02  1.342362e-02
6.735000000e-03  -4.806641e-02  1.288312e-02
6.740000000e-03  -5.752232e-02  8.110924e-03
6.745000000e-03  -5.429553e-02  1.345854e-02
6.750000000e-03  -3.851132e-02  1.953171e-02
6.755000000e-03  -3.189177e-02  2.057885e-02
6.760000000e-03  -1.758064e-02  2.507069e-02
6.765000000e-03  -1.146297e-02  2.222688e-02
6.770000000e-03  7.935254e-03  1.020561e-02
6.775000000e-03  2.608975e-02  2.752365e-02
6.780000000e-03  3.476234e-02  6.636431e-02
6.785000000e-03  5.765079e-02  8.982918e-02
6.790000000e-03  7.429069e-02  8.093912e-02
6.795000000e-03  7.293797e-02  6.392665e-02
6.800000000e-03  7.166981e-02  6.853176e-02
6.805000000e-03  5.829054e-02  5.698317e-02
6.810000000e-03  4.818017e-02  5.796748e-02
6.815000000e-03  3.902219e-02  5.242477e-02
6.820000000e-03  4.773628e-02  4.831493e-02
6.825000000e-03  3.795696e-02  3.938207e-02
6.830000000e-03  2.452515e-02  2.713104e-02
6.835000000e-03  2.495034e-02  3.095865e-03
6.840000000e-03  2.301126e-02  1.356027e-02
6.845000000e-03  2.290757e-02  1.581664e-02
6.850000000e-03  3.092885e-02  1.837920e-02
6.855000000e-03  1.722153e-02  -2.384866e-04
6.860000000e-03  2.614559e-03  -2.959303e-02
6.865000000e-03  -2.027717e-03  -2.030707e-02
6.870000000e-03  -1.853153e-02  -1.304947e-02
6.875000000e-03  -2.395996e-02  -1.396444e-03
6.880000000e-03  -2.568743e-02  5.193517e-04
6.885000000e-03  -1.955148e-02  5.895799e-03
6.890000000e-03  -2.906717e-02  7.237164e-03
6.895000000e-03  -2.056721e-02  -9.500145e-03
6.900000000e-03  4.420026e-04  -2.304511e-03
6.905000000e-03  8.775906e-03  -2.264013e-02
6.910000000e-03  5.913743e-03  -2.861197e-02
6.915000000e-03  -1.966497e-02  -4.153904e-02
6.920000000e-03  -3.116740e-02  -4.672999e-02
6.925000000e-03  -2.706257e-02  -3.999756e-02
6.930000000e-03  -1.621375e-02  -2.105917e-02
6.935000000e-03  -1.678449e-02  -6.961637e-03
6.940000000e-03  -3.028738e-02  2.239377e-03
6.945000000e-03  -3.893433e-02  1.491542e-02
6.950000000e-03  -3.306706e-02  2.761635e-02
6.955000000e-03  -2.170423e-02  3.193299e-02
6.960000000e-03  -3.721718e-02  1.561499e-02
6.965000000e-03  -3.270279e-02  1.445601e-02
6.970000000e-03  -4.239962e-02  1.975293e-02
6.975000000e-03  -3.998352e-02  3.228795e-02
6.980000000e-03  -5.591963e-02  9.121319e-03
6.985000000e-03  -4.690868e-02  8.857863e-03
6.990000000e-03  -6.650070e-02  -1.712244e-02
6.995000000e-03  -8.380321e-02  -2.634881e-02
7.000000000e-03  -7.231306e-02  -2.485079e-02
7.005000000e-03  -6.571635e-02  9.582359e-03
7.010000000e-03  -4.171566e-02  6.303954e-02
7.015000000e-03  -2.517216e-02  6.410516e-02
7.020000000e-03  -2.698036e-02  6.474072e-02
7.025000000e-03  -1.580887e-02  6.457381e-02
7.030000000e-03  -1.510335e-02  7.104026e-02
7.035000000e-03  -2.152260e-02  7.843306e-02
7.040000000e-03  -2.600799e-02  6.784125e-02
7.045000000e-03  -1.473821e-02  7.719815e-02
7.050000000e-03  -8.657409e-03  8.254190e-02
7.055000000e-03  -6.602110e-03  7.673006e-02
7.060000000e-03  -1.200215e-02  8.630558e-02
7.065000000e-03  3.537657e-03  8.968026e-02
7.070000000e-03  -3.255462e-03  6.684994e-02
7.075000000e-03  1.199321e-02  6.814983e-02
7.080000000e-03  5.668035e-04  5.508669e-02
7.085000000e-03  -2.470198e-02  1.824806e-02
7.090000000e-03  -1.963283e-02  -1.638837e-03
7.095000000e-03  -1.254501e-03  5.684758e-03
7.100000000e-03  1.916082e-02  1.916884e-02
7.105000000e-03  2.883508e-02  3.050518e-02
7.110000000e-03  3.175052e-02  2.080451e-02
7.115000000e-03  2.735635e-02  2.277726e-02
7.120000000e-03  2.300478e-02  2.216044e-02
7.125000000e-03  6.805774e-03  2.069893e-02
7.130000000e-03  3.650991e-02  3.401820e-02
7.135000000e-03  5.581200e-02  4.845505e-02
7.140000000e-03  5.725785e-02  5.381453e-02
7.145000000e-03  7.691596e-02  7.207868e-02
7.150000000e-03  7.797823e-02  8.665881e-02
7.155000000e-03  7.927052e-02  9.186076e-02
7.160000000e-03  1.027859e-01  1.045911e-01
7.165000000e-03  9.109191e-02  1.032721e-01
7.170000000e-03  7.793725e-02  1.049668e-01
7.175000000e-03  7.463916e-02  8.707937e-02
7.180000000e-03  1.058908e-01  8.282647e-02
7.185000000e-03  1.002274e-01  7.011948e-02
7.190000000e-03  9.367137e-02  8.612745e-02
7.195000000e-03  1.033548e-01  8.864591e-02
7.200000000e-03  1.237746e-01  8.967422e-02
7.205000000e-03  1.132728e-01  7.257750e-02
7.210000000e-03  1.126651e-01  7.970308e-02
7.215000000e-03  1.028822e-01  6.973644e-02
7.220000000e-03  8.329021e-02  3.260686e-02
7.225000000e-03  8.036557e-02  5.021362e-02
7.230000000e-03  7.111448e-02  5.207394e-02
7.235000000e-03  6.989687e-02  6.007273e-02
7.240000000e-03  5.772453e-02  3.656432e-02
7.245000000e-03  4.681524e-02  3.591990e-02
7.250000000e-03  4.722939e-02  3.548388e-02
7.255000000e-03  5.253094e-02  3.466970e-02
7.260000000e-03  4.428342e-02  4.489224e-02
7.265000000e-03  2.549082e-02  4.402589e-02
7.270000000e-03  2.702746e-02  5.470730e-02
7.275000000e-03  8.917726e-03  2.442162e-02
7.280000000e-03  -1.488010e-02  8.925811e-03
7.285000000e-03  -1.489096e-02  8.204144e-03
7.290000000e-03  -1.034924e-02  2.603860e-02
7.295000000e-03  -1.771477e-02  2.944698e-02
7.300000000e-03  -1.577664e-02  1.772979e-02
7.305000000e-03  -3.426478e-02  1.035656e-02
7.310000000e-03  -2.234423e-02  -4.818648e-03
7.315000000e-03  -1.747102e-02  -2.297495e-02
7.320000000e-03  -4.142968e-02  -3.570520e-02
7.325000000e-03  -5.045036e-02  -5.250617e-02
7.330000000e-03  -5.950148e-02  -6.749880e-02
7.335000000e-03  -2.138109e-02  -1.920419e-02
7.340000000e-03  -4.337484e-03  1.171607e-02
7.345000000e-03  -1.672471e-03  1.367845e-02
7.350000000e-03  -1.217879e-02  1.027499e-02
7.355000000e-03  -1.410084e-02  3.331452e-03
7.360000000e-03  -8.640880e-03  3.376318e-04
7.365000000e-03  2.771111e-04  -5.924565e-04
7.370000000e-03  1.667123e-02  2.699034e-02
7.375000000e-03  1.422673e-02  3.795663e-02
7.380000000e-03  -5.001236e-03  3.279999e-02
7.385000000e-03  -9.330026e-03  1.140273e-02
7.390000000e-03  -9.397408e-03  1.017671e-02
7.395000000e-03  -2.406965e-02  3.096564e-02
7.400000000e-03  -3.061226e-02  3.400212e-02
7.405000000e-03  -2.014914e-02  4.808550e-02
7.410000000e-03  -3.125227e-03  6.618363e-02
7.415000000e-03  -1.582970e-02  6.515225e-02
7.420000000e-03  -1.991457e-03  6.951393e-02
7.425000000e-03  -6.795595e-03  6.272750e-02
7.430000000e-03  -3.126878e-03  7.093208e-02
7.435000000e-03  1.223998e-02  8.242383e-02
7.440000000e-03  2.228175e-02  7.646813e-02
7.445000000e-03  2.256517e-02  8.057515e-02
7.450000000e-03  1.044492e-02  6.623796e-02
7.455000000e-03  1.989392e-02  5.100971e-02
7.460000000e-03  2.079491e-02  4.529933e-02
7.465000000e-03  2.130081e-02  4.701125e-02
7.470000000e-03  3.433421e-02  5.126887e-02
7.475000000e-03  2.596722e-02  5.234238e-02
7.480000000e-03  2.284779e-02  4.511358e-02
7.485000000e-03  3.305609e-02  3.142405e-02
7.490000000e-03  3.394664e-02  4.798095e-02
7.495000000e-03  2.837440e-02  2.498323e-02
7.500000000e-03  2.364798e-02  2.035163e-03
7.505000000e-03  3.908200e-03  4.283990e-03
7.510000000e-03  -1.665491e-02  9.694085e-03
7.515000000e-03  -2.894007e-02  9.229745e-03
7.520000000e-03  -1.684220e-02  5.203457e-03
7.525000000e-03  -1.012239e-02  -5.175496e-03
7.530000000e-03  2.405511e-03  6.700784e-03
7.535000000e-03  4.814503e-03  1.713017e-02
7.540000000e-03  -1.027614e-02  1.642592e-02
7.545000000e-03  -6.340659e-03  4.259466e-02
7.550000000e-03  -1.702044e-02  3.401783e-02
7.555000000e-03  -1.021069e-02  1.557646e-02
7.560000000e-03  -1.017704e-02  1.917695e-02
7.565000000e-03  -1.458093e-02  2.108760e-02
7.570000000e-03  2.304639e-02  4.612448e-02
7.575000000e-03  2.880336e-02  2.675992e-02
7.580000000e-03  2.518737e-02  1.917395e-02
7.585000000e-03  -2.417928e-03  3.393294e-02
7.590000000e-03  -2.421845e-02  1.212009e-02
7.595000000e-03  -3.761171e-02  -2.180392e-02
7.600000000e-03  -3.798476e-02  -4.541881e-02
7.605000000e-03  -3.646859e-02  -6.468072e-02
7.610000000e-03  -2.562964e-02  -6.842865e-02
7.615000000e-03  -2.192962e-02  -5.495699e-02
7.620000000e-03  -1.821305e-02  -5.026929e-02
7.625000000e-03  -3.311464e-02  -4.714457e-02
7.630000000e-03  -2.511537e-02  -1.878277e-02
7.635000000e-03  -4.151584e-02  -2.014756e-02
7.640000000e-03  -3.823472e-02  -2.640515e-02
7.645000000e-03  -2.699083e-02  -1.461319e-02
7.650000000e-03  -2.149698e-02  -2.452735e-03
7.655000000e-03  -5.109374e-03  1.694167e-02
7.660000000e-03  -8.429232e-03  2.090258e-02
7.665000000e-03  -2.605715e-02  1.569904e-03
7.670000000e-03  -2.294961e-02  -6.892663e-03
7.675000000e-03  -1.705046e-02  -6.408004e-03
7.680000000e-03  -5.686882e-03  7.047956e-03
7.685000000e-03  -1.284922e-02  8.929016e-03
7.690000000e-03  -2.469286e-02  -7.944110e-03
7.695000000e-03  -7.405632e-03  6.270355e-03
7.700000000e-03  2.107653e-03  2.341144e-02
7.705000000e-03  -2.276563e-03  2.514911e-02
7.710000000e-03  -3.939816e-03  -3.565241e-03
7.715000000e-03  2.108548e-04  3.773034e-03
7.720000000e-03  6.639518e-04  5.547313e-03
7.725000000e-03  -6.122799e-03  -1.291200e-03
7.730000000e-03  -5.378292e-03  9.368840e-03
7.735000000e-03  -1.132095e-02  -5.058001e-03
7.740000000e-03  -2.531413e-02  -5.971441e-03
7.745000000e-03  -5.138255e-02  -3.993442e-02
7.750000000e-03  -6.333294e-02  -5.300926e-02
7.755000000e-03  -6.721611e-02  -6.974457e-02
7.760000000e-03  -4.488116e-02  -7.157417e-02
7.765000000e-03  -4.427029e-02  -6.445032e-02
7.770000000e-03  -4.108789e-02  -5.463620e-02
7.775000000e-03  -3.791305e-02  -4.852190e-02
7.780000000e-03  -4.321929e-02  -6.904071e-02
7.785000000e-03  -4.503322e-02  -7.024015e-02
7.790000000e-03  -4.493693e-02  -6.619027e-02
7.795000000e-03  -3.138185e-02  -5.987529e-02
7.800000000e-03  -3.148137e-02  -7.320432e-02
7.805000000e-03  -4.077794e-02  -6.891764e-02
7.810000000e-03  -3.426711e-02  -8.275809e-02
7.815000000e-03  -5.125139e-02  -1.088564e-01
7.820000000e-03  -3.929865e-02  -1.073173e-01
7.825000000e-03  -5.349226e-02  -1.163440e-01
7.830000000e-03  -5.728173e-02  -1.302863e-01
7.835000000e-03  -5.081811e-02  -1.348738e-01
7.840000000e-03  -4.912922e-02  -1.258157e-01
7.845000000e-03  -6.475209e-02  -1.292530e-01
7.850000000e-03  -6.691150e-02  -1.237194e-01
7.855000000e-03  -4.717765e-02  -1.140415e-01
7.860000000e-03  -3.571960e-02  -1.035344e-01
7.865000000e-03  -4.428432e-02  -1.079389e-01
7.870000000e-03  -1.941892e-02  -7.835375e-02
7.875000000e-03  -2.382552e-02  -1.013344e-01
7.880000000e-03  -3.940523e-02  -1.144523e-01
7.885000000e-03  -4.703284e-02  -1.078172e-01
7.890000000e-03  -4.862511e-02  -1.033642e-01
7.895000000e-03  -5.558493e-02  -9.623951e-02
7.900000000e-03  -3.056952e-02  -7.911732e-02
7.905000000e-03  -4.672522e-03  -5.394156e-02
7.910000000e-03  -6.056982e-04  -4.076803e-02
7.915000000e-03  -1.543250e-03  -1.833695e-02
7.920000000e-03  5.602632e-04  -9.548909e-03
7.925000000e-03  1.242458e-02  -1.792493e-03
7.930000000e-03  2.172696e-02  6.078733e-03
7.935000000e-03  2.352620e-02  -7.302094e-03
7.940000000e-03  1.064932e-02  9.507502e-03
7.945000000e-03  1.792144e-02  1.167779e-02
7.950000000e-03  1.569457e-02  -4.137651e-03
7.955000000e-03  1.663099e-02  1.005461e-02
7.960000000e-03  2.908172e-02  1.351325e-02
7.965000000e-03  3.542743e-02  1.855189e-02
7.970000000e-03  2.178557e-02  3.661856e-03
7.975000000e-03  6.834858e-03  -2.772123e-02
7.980000000e-03  -2.469305e-03  -2.445059e-02
7.985000000e-03  -3.292282e-03  -2.235252e-02
7.990000000e-03  8.669732e-03  -1.796717e-02
7.995000000e-03  9.694308e-03  -2.839698e-02
